232,5
9,5
232,4
232,3
232,2
232,1
9,1
9,7
232,0
231,5
9,2
231,4
231,3
231,2
231,1
9,3
231,0
230,5
230,4
230,3
230,2
230,1
8,5
230,0
229,4
229,3
229,2
229,1
8,14
8,17
229,0
228,3
228,2
228,1
8,13
228,0
227,10
227,9
227,8
227,7
227,6
227,5
8,6
8,12
8,1
8,7
8,2
227,4
227,3
227,2
227,1
8,3
227,0
226,3
226,2
226,1
12,2
226,0
12,1
225,4
225,3
225,2
225,1
12,3
225,0
224,4
224,3
224,2
224,1
224,0
223,4
223,3
223,2
223,1
223,0
222,4
222,3
222,2
222,1
222,0
221,3
221,2
221,1
221,0
220,4
220,3
220,2
220,1
220,0
219,5
219,4
219,3
219,2
219,1
219,0
218,3
218,2
218,1
218,0
217,3
217,2
217,1
217,0
216,4
216,3
216,2
216,1
20,2
20,1
216,0
215,3
215,2
215,1
20,3
215,0
214,3
214,2
214,1
214,0
213,3
213,2
213,1
19,2
19,1
213,0
212,3
212,2
212,1
19,3
212,0
211,4
211,3
211,2
211,1
211,0
210,4
210,3
210,2
210,1
210,0
209,3
209,2
209,1
209,0
208,3
208,2
208,1
208,0
207,4
207,3
207,2
207,1
207,0
